2015 01 04    22682     3.79     0.30 0503 0635    28.38    48.36   -89.80   -73.06
2015 01 23     9093     6.87     0.51 0841 1014    27.93    38.60   -91.36   -83.13
2015 02 01    14783     1.69     0.11 2058 2230    33.37    48.36   -91.34   -77.51
2015 02 17    21019     1.29     0.07 0058 0231    27.98    47.12   -91.27   -75.62
2015 03 04    18513     1.72     0.10 2028 2200    27.99    45.64   -91.59   -77.43
2015 03 11    19563     1.40     0.08 0949 1122    29.42    48.43   -91.22   -75.08
2015 03 14    23049     1.01     0.11 0847 1019    28.08    48.44   -89.28   -72.39
2015 03 19    18296     1.28     0.06 0733 0906    30.46    48.45   -91.26   -75.69
2015 03 20    19287     1.23     0.07 0642 0814    27.92    46.18   -84.11   -69.47
2015 03 22    22376     1.63     0.08 0632 0805    28.48    48.37   -90.10   -73.38
2015 03 30    20657     1.37     0.04 0418 0550    28.90    48.36   -91.02   -74.55
2015 04 03    21561     6.14     0.10 1139 1311    27.91    47.31   -90.90   -75.13
2015 04 08    17284    18.29     0.04 1024 1157    27.92    44.75   -91.51   -78.25
2015 04 10     7194     9.63     0.10 1013 1145    27.90    37.13   -91.32   -84.12
2015 04 14    23088     2.15     0.05 0817 0950    27.90    48.27   -89.20   -72.40
2015 04 14    19573     2.84     0.05 2343 0115    29.45    48.36   -91.24   -75.09
2015 04 15    18089     3.72     0.20 2251 0023    27.99    45.34   -83.29   -69.41
2015 04 16    17188     3.84     0.05 0806 0938    27.90    44.66   -91.49   -78.30
2015 04 17    23075     3.13     0.07 2240 0012    28.12    48.37   -89.25   -72.34
2015 04 19    13237     2.91     0.23 2229 0001    34.63    48.37   -91.37   -78.33
2015 04 25    22970     8.42     0.15 2022 2155    28.18    48.36   -89.48   -72.63
2015 04 29    11921     3.48     0.12 0433 0606    27.90    40.73   -91.39   -81.55
2015 05 05    14011     1.14     0.06 1749 1922    34.00    48.43   -91.30   -77.91
2015 05 14    10832     3.20     0.05 2358 0131    27.98    39.93   -91.46   -82.16
2015 05 16    16938     2.88     0.13 1433 1605    31.58    48.43   -91.27   -76.38
2015 05 17    14855     5.68     0.05 2257 0029    27.96    42.96   -91.54   -79.79
2015 05 18    22852     6.16     0.04 2205 2338    28.28    48.37   -88.17   -71.34
2015 05 25    12934     6.40     0.12 2043 2215    27.97    41.52   -91.50   -80.95
2015 05 28    17080     5.58     0.04 1941 2113    27.98    44.58   -91.56   -78.38
2015 06 08    18604     5.82     0.04 1626 1759    27.98    45.70   -91.59   -77.36
2015 06 12    14179     3.54     0.08 0650 0823    33.88    48.36   -91.34   -77.83
2015 06 19    20265     3.43     0.03 1311 1443    27.89    46.89   -91.55   -76.19
2015 06 20    12099     7.50     0.04 0436 0609    35.57    48.35   -91.38   -78.98
2015 06 21    22657     2.67     0.07 0345 0517    27.97    47.78   -87.28   -70.94
2015 06 27    19105     2.84     0.05 1055 1228    27.92    46.07   -91.55   -77.02
2015 07 01    15589     4.95     0.06 0118 0251    32.71    48.36   -91.32   -77.08
2015 07 02    13966     8.92     0.17 0942 1114    27.90    42.29   -91.45   -80.34
2015 07 04    20988     4.58     0.07 0015 0148    28.85    48.36   -90.86   -74.38
2015 07 05    18222     2.69     0.06 0839 1011    27.91    45.41   -91.51   -77.62
2015 07 09    21507     5.45     0.08 2210 2342    27.97    47.26   -85.83   -70.03
2015 07 11    23129     3.06     0.04 0633 0805    27.92    48.40   -89.01   -72.08
2015 07 14    20170     3.66     0.06 0530 0702    28.99    48.43   -86.20   -69.82
2015 07 14    23106    13.14     0.13 2055 2228    28.00    48.34   -88.88   -71.95
2015 07 17    22120     3.26     0.03 1953 2126    27.96    47.47   -86.48   -70.45
2015 07 19    18193    11.26     0.05 1943 2116    30.56    48.36   -91.29   -75.76
2015 07 20    19333     5.77     0.04 1852 2025    27.99    46.22   -84.14   -69.40
2015 07 21    15820     7.23     0.06 0408 0540    27.92    43.66   -91.48   -79.20
2015 07 24    19367     2.61     0.03 0306 0439    27.92    46.26   -91.55   -76.84
2015 07 29    13477     5.42     0.03 0155 0327    27.97    41.94   -91.51   -80.63
2015 08 05    11475     5.25     0.10 2341 0113    27.98    40.43   -91.47   -81.80
2015 08 06    22922     5.26     0.06 2249 0022    27.96    47.98   -89.70   -73.13
2015 08 11    15500     3.66     0.15 1221 1354    27.90    43.42   -81.61   -69.53
2015 08 16    14509     4.94     0.06 2023 2155    27.98    42.71   -91.53   -80.01
2015 08 18    21547     3.96     0.07 1057 1229    28.73    48.42   -90.55   -74.04
2015 08 19    18700     4.22     0.06 1920 2053    27.96    45.75   -91.58   -77.28
2015 08 20    18816     5.75     0.10 1828 2001    30.03    48.38   -85.57   -69.71
2015 08 21     8815     5.53     0.05 1909 2042    27.98    38.39   -91.41   -83.27
2015 08 29     7038     4.51     0.04 1654 1827    27.96    37.05   -91.40   -84.20
2015 09 10    21995     2.36     0.04 1249 1421    27.92    47.46   -90.61   -74.68
2015 09 12    13144     2.94     0.08 1238 1411    27.89    41.68   -91.44   -80.82
2015 09 13    23119     4.03     0.03 1147 1319    27.90    48.38   -89.11   -72.18
2015 09 18    20819     5.00     0.12 1034 1207    27.89    47.07   -91.32   -75.78
2015 09 19    12833    11.16     0.14 0200 0332    34.98    48.38   -91.36   -78.54
2015 09 20    22411     4.63     0.10 0108 0241    27.98    47.64   -86.87   -70.68
2015 09 21    22895     3.77     0.05 0932 1105    27.91    48.00   -89.72   -73.22
2015 09 26    19577     2.06     0.05 0819 0952    27.89    46.41   -91.55   -76.67
2015 09 28     9815     3.19     0.11 0808 0941    27.90    39.15   -91.38   -82.73
2015 09 29    22479     2.27     0.06 0717 0849    27.89    47.69   -90.22   -74.03
2015 09 29    16144     1.08     0.03 2242 0015    32.27    48.35   -91.30   -76.80
2015 09 30    12601     3.89     0.38 0625 0757    35.16    48.43   -82.31   -69.67
2015 10 02    21452     1.21     0.07 2140 2312    28.75    48.37   -90.64   -74.08
2015 10 04    18648    11.18     0.12 0603 0736    27.91    45.73   -91.53   -77.33
2015 10 13    19367     2.27     0.04 0253 0426    29.59    48.45   -85.83   -69.78
2015 10 27    20669     1.05     0.08 1403 1535    27.92    47.06   -85.09   -69.58
2015 10 27    14290     1.64     0.14 2318 0051    27.97    42.52   -91.50   -80.13
2015 10 28    23005     3.22     0.07 2227 2359    28.18    48.36   -88.46   -71.60
2015 10 31     9679     1.17     0.16 1342 1514    37.53    48.43   -91.37   -80.37
2015 11 01     7964     2.69     0.16 2205 2338    27.99    37.74   -91.40   -83.73
2015 11 02    21636     2.01     0.05 2114 2246    27.99    47.32   -90.91   -75.06
2015 11 06    19320     1.91     0.18 1137 1310    29.61    48.43   -91.23   -75.20
2015 11 09    23001     1.73     0.07 1035 1207    28.11    48.43   -89.42   -72.56
2015 11 12    22386     2.70     0.04 0932 1105    27.92    47.65   -86.83   -70.71
2015 11 18    20161     3.44     0.08 1641 1814    28.00    46.82   -91.60   -76.28
2015 11 27    12277     1.52     0.17 0547 0720    35.42    48.42   -91.32   -78.88
2015 11 28    11176     1.38     0.13 1410 1543    27.92    40.18   -91.39   -81.98
2015 11 30    18097     1.55     0.05 0443 0616    30.64    48.37   -91.27   -75.80
2015 12 01    16320     2.53     0.06 1306 1439    27.91    44.03   -91.48   -78.87
2015 12 02    21557     2.21     0.11 1214 1346    28.72    48.45   -87.00   -70.46
2015 12 14     7693     2.07     0.24 0940 1113    27.89    37.55   -91.36   -83.86
2015 12 17    12260     4.30     0.16 0839 1011    27.92    41.02   -91.42   -81.36
2015 12 18    23040     3.20     0.07 0747 0919    27.91    48.18   -89.39   -72.69
2015 12 21    22845     1.30     0.08 2210 2343    28.26    48.35   -89.67   -72.86
2015 12 22     5810    13.89     0.23 0726 0858    27.91    36.09   -91.32   -84.84
2015 12 23    20337     3.78     0.04 0634 0806    27.92    46.96   -91.55   -76.15
2015 12 23    12256     6.54     0.34 2159 2332    35.43    48.36   -91.39   -78.88
2015 12 24    16526     4.24     0.05 0542 0715    31.94    48.44   -84.42   -69.74
2015 12 24    22595     8.94     0.08 2108 2240    27.97    47.70   -87.16   -70.90
2015 12 25    10855     8.33     0.09 0623 0756    27.90    39.96   -91.40   -82.15
2015 12 26    17366     3.23     0.14 2057 2229    31.25    48.38   -91.30   -76.15
2015 12 28    15466     2.08     0.04 0520 0653    27.91    43.39   -91.46   -79.42
2015 12 28     6836     3.25     0.38 2046 2218    39.79    48.35   -91.48   -82.15
2015 12 29    22412     1.40     0.14 0428 0601    28.46    48.43   -87.65   -70.98
2015 12 30    15539     4.19     0.11 1902 2034    27.98    43.47   -81.63   -69.46
