2015 01 03    22044     1.48     0.11 1338 1510    28.58    48.43   -87.32   -70.73 1433 1439
2015 01 04    22682     3.79     0.30 0503 0635    28.38    48.36   -89.80   -73.06 534 540
2015 01 04     6315     1.65     0.19 1246 1418    40.21    48.43   -78.52   -69.58 1341 1343
2015 01 04     5528     8.23     0.25 1418 1551    27.92    35.86   -91.31   -84.99 1517 1519
2015 01 12     4560     3.20     0.05 1201 1334    27.91    35.11   -91.30   -85.46 1301 1303
2015 01 13    15747     1.58     0.26 0154 0327    27.98    43.61   -81.77   -69.46 226 230
2015 01 14    17788     3.78     0.17 1018 1150    30.90    48.42   -85.03   -69.75 1113 1118
2015 01 15     9710     1.25     0.05 1059 1231    27.90    39.07   -91.37   -82.78 1157 1200
2015 01 16    22454     2.02     0.07 1007 1139    27.90    47.70   -90.26   -74.07 1103 1108
2015 01 18     6111    10.87     0.26 2349 0121    27.99    36.33   -76.31   -69.62 20 22
2015 01 23     9093     6.87     0.51 0841 1014    27.93    38.60   -91.36   -83.13 940 943
2015 01 24    22260     3.68     0.06 0749 0922    27.91    47.60   -90.42   -74.35 845 851
2015 01 26     6351     2.82     0.23 2130 2303    28.00    36.49   -76.43   -69.64 2202 2204
2015 01 27    22967     2.61     0.04 0646 0818    28.16    48.44   -88.38   -71.54 741 747
2015 02 01    14783     1.69     0.11 2058 2230    33.37    48.36   -91.34   -77.51 2131 2135
2015 02 05     2024     1.64     0.10 0510 0643    28.15    33.01   -90.76   -86.73 610 611
2015 02 17    21019     1.29     0.07 0058 0231    27.98    47.12   -91.27   -75.62 154 159
2015 02 18    15556     1.62     0.03 0006 0139    32.74    48.39   -83.93   -69.68 102 106
2015 02 21    16238     4.03     0.11 2345 0117    27.96    43.97   -91.55   -78.91 41 46
2015 02 24    14737     1.36     0.10 1326 1459    27.90    42.86   -81.14   -69.55 1357 1402
2015 03 04    16698     1.12     0.04 1112 1245    27.91    44.29   -82.38   -69.53 1144 1148
2015 03 04    18513     1.72     0.10 2028 2200    27.99    45.64   -91.59   -77.43 2124 2129
2015 03 11    19563     1.40     0.08 0949 1122    29.42    48.43   -91.22   -75.08 1021 1026
2015 03 13     8458     1.22     0.04 0939 1111    38.52    48.43   -91.38   -81.12 1013 1016
2015 03 14    23049     1.01     0.11 0847 1019    28.08    48.44   -89.28   -72.39 918 924
2015 03 14     5413     1.05     0.05 1630 1802    40.93    48.38   -77.95   -69.51 1725 1727
2015 03 19    18296     1.28     0.06 0733 0906    30.46    48.45   -91.26   -75.69 805 810
2015 03 20    19287     1.23     0.07 0642 0814    27.92    46.18   -84.11   -69.47 713 718
2015 03 22    22376     1.63     0.08 0632 0805    28.48    48.37   -90.10   -73.38 703 709
2015 03 22     4656     3.65     0.08 1547 1720    27.91    35.19   -91.31   -85.41 1647 1649
2015 03 23    15752     3.27     0.17 0541 0713    27.98    43.61   -81.77   -69.46 612 616
2015 03 23    19410     1.53     0.05 1456 1629    27.89    46.27   -91.52   -76.79 1552 1557
2015 03 27    13241     2.25     0.06 1303 1435    34.62    48.44   -82.67   -69.67 1358 1402
2015 03 30    20657     1.37     0.04 0418 0550    28.90    48.36   -91.02   -74.55 449 455
2015 04 01    19968     8.51     0.05 1150 1322    29.07    48.44   -86.12   -69.78 1245 1251
2015 04 03    21561     6.14     0.10 1139 1311    27.91    47.31   -90.90   -75.13 1235 1240
2015 04 08    17284    18.29     0.04 1024 1157    27.92    44.75   -91.51   -78.25 1121 1126
2015 04 09    20650     4.27     0.03 0932 1105    28.91    48.44   -86.46   -70.03 1028 1033
2015 04 10    23099     2.17     0.08 0058 0230    28.06    48.35   -89.11   -72.19 129 135
2015 04 10     5035     1.34     0.12 0840 1013    41.23    48.45   -77.70   -69.57 936 938
2015 04 10     7194     9.63     0.10 1013 1145    27.90    37.13   -91.32   -84.12 1112 1114
2015 04 13    12525     1.12     0.04 0909 1042    27.90    41.19   -91.40   -81.19 1007 1011
2015 04 14    23088     2.15     0.05 0817 0950    27.90    48.27   -89.20   -72.40 913 919
2015 04 14    19573     2.84     0.05 2343 0115    29.45    48.36   -91.24   -75.09 14 20
2015 04 15    18089     3.72     0.20 2251 0023    27.99    45.34   -83.29   -69.41 2322 2327
2015 04 16    17188     3.84     0.05 0806 0938    27.90    44.66   -91.49   -78.30 902 907
2015 04 16     2621     1.36     0.27 2159 2331    28.07    33.60   -74.60   -69.87 2230 2231
2015 04 17    23075     3.13     0.07 2240 0012    28.12    48.37   -89.25   -72.34 2311 2317
2015 04 19    13237     2.91     0.23 2229 0001    34.63    48.37   -91.37   -78.33 2302 2306
2015 04 20    15451     2.44     0.38 0611 0744    32.81    48.41   -83.83   -69.71 707 711
2015 04 20    22208     4.86     0.05 2137 2309    27.99    47.54   -86.58   -70.50 2208 2214
2015 04 24     7985     2.11     0.04 2114 2247    38.86    48.37   -91.47   -81.40 2149 2151
2015 04 25    22970     8.42     0.15 2022 2155    28.18    48.36   -89.48   -72.63 2053 2059
2015 04 29    11921     3.48     0.12 0433 0606    27.90    40.73   -91.39   -81.55 531 535
2015 04 29     8888     3.46     0.27 1826 1958    28.00    38.44   -77.76   -69.59 1857 1900
2015 04 30    18958     1.08     0.03 1906 2039    29.92    48.36   -91.27   -75.39 1938 1943
2015 05 01    18402     1.40     0.04 1814 1946    27.97    45.55   -83.51   -69.43 1845 1850
2015 05 05    14011     1.14     0.06 1749 1922    34.00    48.43   -91.30   -77.91 1823 1827
2015 05 07     8206     4.33     0.13 1606 1738    27.91    37.92   -77.40   -69.66 1637 1640
2015 05 11     5822     4.72     0.10 2328 0100    40.58    48.36   -78.20   -69.49 23 25
2015 05 14    10832     3.20     0.05 2358 0131    27.98    39.93   -91.46   -82.16 56 100
2015 05 16    16938     2.88     0.13 1433 1605    31.58    48.43   -91.27   -76.38 1505 1510
2015 05 16    11963     4.82     0.04 2216 2348    35.68    48.38   -81.97   -69.61 2311 2315
2015 05 17    14855     5.68     0.05 2257 0029    27.96    42.96   -91.54   -79.79 2354 2358
2015 05 18    22852     6.16     0.04 2205 2338    28.28    48.37   -88.17   -71.34 2301 2307
2015 05 21    19110     2.99     0.08 2104 2236    29.79    48.38   -85.71   -69.71 2159 2205
2015 05 25    12934     6.40     0.12 2043 2215    27.97    41.52   -91.50   -80.95 2140 2144
2015 05 26    23117     3.80     0.07 1951 2124    27.96    48.26   -89.16   -72.28 2047 2053
2015 05 27     9643     9.36     0.05 1900 2032    37.54    48.38   -80.61   -69.56 1955 1958
2015 05 27     1497     4.16     0.14 2032 2205    28.34    32.51   -90.59   -87.06 2132 2133
2015 05 28    17080     5.58     0.04 1941 2113    27.98    44.58   -91.56   -78.38 2037 2042
2015 05 29    21076     5.50     0.04 1849 2022    28.85    48.38   -86.70   -70.18 1944 1950
2015 05 30     5514     5.96     0.09 1757 1930    40.84    48.36   -78.00   -69.49 1853 1855
2015 05 30     6569     6.44     0.06 1930 2102    27.97    36.70   -91.40   -84.44 2029 2031
2015 06 03     9715     2.49     0.03 0821 0953    27.89    39.10   -78.23   -69.60 852 855
2015 06 03    22874     1.74     0.06 1736 1909    27.96    47.90   -89.77   -73.28 1832 1838
2015 06 08    18604     5.82     0.04 1626 1759    27.98    45.70   -91.59   -77.36 1722 1727
2015 06 10     8177     2.34     0.04 1616 1749    27.89    37.91   -91.36   -83.61 1715 1717
2015 06 11    21687     2.58     0.07 1525 1657    27.92    47.35   -90.84   -75.02 1620 1626
2015 06 12    14179     3.54     0.08 0650 0823    33.88    48.36   -91.34   -77.83 723 728
2015 06 12    14561     2.44     0.16 1433 1606    33.57    48.42   -83.37   -69.70 1529 1533
2015 06 16       17     1.95     0.71 1240 1413    46.73    47.07   -72.29   -71.85 1336 1336
2015 06 19    20265     3.43     0.03 1311 1443    27.89    46.89   -91.55   -76.19 1407 1412
2015 06 20    12099     7.50     0.04 0436 0609    35.57    48.35   -91.38   -78.98 510 513
2015 06 21    22657     2.67     0.07 0345 0517    27.97    47.78   -87.28   -70.94 416 422
2015 06 21     2414     1.01     0.03 1128 1300    43.27    48.31   -75.85   -69.73 1223 1224
2015 06 23    16946    11.12     0.07 0334 0507    31.60    48.39   -91.30   -76.36 406 411
2015 06 23    11899     4.71     0.06 1117 1249    35.72    48.45   -81.94   -69.65 1212 1216
2015 06 26     4021     4.52     0.09 1147 1320    27.88    34.73   -91.32   -85.70 1247 1248
2015 06 27    19105     2.84     0.05 1055 1228    27.92    46.07   -91.55   -77.02 1151 1157
2015 06 28    18292     4.20     0.07 1004 1136    30.49    48.43   -85.29   -69.76 1059 1104
2015 06 29     9251     3.10     0.04 1044 1217    27.91    38.74   -91.39   -83.04 1143 1146
2015 06 30    11702     3.19     0.10 0037 0210    27.99    40.59   -79.32   -69.54 109 112
2015 06 30     1678     1.65     0.16 0210 0342    43.92    48.07   -90.99   -85.79 246 247
2015 06 30    22276     2.93     0.05 0953 1125    27.90    47.62   -90.44   -74.33 1048 1054
2015 07 01    15589     4.95     0.06 0118 0251    32.71    48.36   -91.32   -77.08 151 155
2015 07 01    13131     3.01     0.09 0901 1033    34.72    48.45   -82.62   -69.67 956 1000
2015 07 02    13966     8.92     0.17 0942 1114    27.90    42.29   -91.45   -80.34 1039 1043
2015 07 04    20988     4.58     0.07 0015 0148    28.85    48.36   -90.86   -74.38 47 53
2015 07 04    17071     4.54     0.05 2324 0056    27.98    44.59   -82.62   -69.44 2355 0
2015 07 05    18222     2.69     0.06 0839 1011    27.91    45.41   -91.51   -77.62 935 940
2015 07 09    21507     5.45     0.08 2210 2342    27.97    47.26   -85.83   -70.03 2241 2246
2015 07 11    23129     3.06     0.04 0633 0805    27.92    48.40   -89.01   -72.08 728 734
2015 07 13     1970     2.85     0.03 2014 2147    28.22    32.98   -74.24   -70.19 2046 2047
2015 07 14    20170     3.66     0.06 0530 0702    28.99    48.43   -86.20   -69.82 625 631
2015 07 14    23106    13.14     0.13 2055 2228    28.00    48.34   -88.88   -71.95 2126 2132
2015 07 15     4668     4.92     0.05 0438 0610    41.49    48.45   -77.45   -69.53 533 535
2015 07 15    13168     2.81     0.04 2003 2136    27.96    41.70   -80.20   -69.49 2034 2038
2015 07 17    22120     3.26     0.03 1953 2126    27.96    47.47   -86.48   -70.45 2025 2030
2015 07 18     1512     1.91     0.45 0336 0509    44.08    48.07   -75.08   -70.14 432 433
2015 07 19    18193    11.26     0.05 1943 2116    30.56    48.36   -91.29   -75.76 2016 2021
2015 07 20    19333     5.77     0.04 1852 2025    27.99    46.22   -84.14   -69.40 1924 1929
2015 07 21    15820     7.23     0.06 0408 0540    27.92    43.66   -91.48   -79.20 505 509
2015 07 23    15793     8.82     0.07 1751 1924    27.96    43.64   -81.80   -69.46 1822 1827
2015 07 24    19367     2.61     0.03 0306 0439    27.92    46.26   -91.55   -76.84 403 408
2015 07 26     3468     1.56     0.05 0124 0256    42.42    48.39   -76.63   -69.44 219 221
2015 07 29    13477     5.42     0.03 0155 0327    27.97    41.94   -91.51   -80.63 252 256
2015 07 29     7376     2.98     0.08 1548 1721    27.92    37.31   -76.96   -69.64 1619 1622
2015 07 30    23127     3.15     0.04 0103 0236    27.98    48.35   -88.97   -72.01 159 205
2015 07 31     1879     8.09     0.18 0145 0317    28.25    32.91   -90.78   -86.82 245 246
2015 07 31    17854     4.56     0.03 1538 1710    27.92    45.16   -83.13   -69.49 1609 1614
2015 08 03    13935     5.90     0.11 1436 1608    27.92    42.27   -80.64   -69.55 1507 1511
2015 08 04    15746     3.96     0.03 2300 0032    32.59    48.36   -84.00   -69.68 2355 0
2015 08 05     1823     4.47     0.10 2208 2341    43.77    48.10   -75.34   -69.94 2304 2305
2015 08 05    11475     5.25     0.10 2341 0113    27.98    40.43   -91.47   -81.80 39 42
2015 08 06     9531     4.17     0.03 1334 1506    27.90    38.96   -78.12   -69.61 1405 1408
2015 08 06    22922     5.26     0.06 2249 0022    27.96    47.98   -89.70   -73.13 2345 2350
2015 08 09     4549     3.37     0.09 1232 1404    27.90    35.09   -75.55   -69.71 1303 1305
2015 08 09     7063     3.26     0.06 1404 1537    39.60    48.42   -91.43   -82.00 1439 1441
2015 08 10     6831     7.58     0.05 2055 2228    39.80    48.37   -78.86   -69.52 2151 2153
2015 08 11    15500     3.66     0.15 1221 1354    27.90    43.42   -81.61   -69.53 1252 1257
2015 08 12      353     2.30     0.05 1129 1302    28.68    30.68   -72.92   -71.31 1201 1201
2015 08 16    14509     4.94     0.06 2023 2155    27.98    42.71   -91.53   -80.01 2120 2124
2015 08 18    21547     3.96     0.07 1057 1229    28.73    48.42   -90.55   -74.04 1128 1134
2015 08 18     7937     9.18     0.09 1839 2012    38.93    48.36   -79.55   -69.55 1935 1937
2015 08 18     3423     6.22     0.07 2012 2145    27.97    34.23   -91.34   -86.00 2112 2113
2015 08 19    16560     4.77     0.03 1005 1137    27.89    44.20   -82.29   -69.52 1036 1041
2015 08 19    18700     4.22     0.06 1920 2053    27.96    45.75   -91.58   -77.28 2016 2022
2015 08 20    10273     3.45     0.12 1046 1218    37.04    48.43   -91.36   -80.02 1120 1123
2015 08 20    18816     5.75     0.10 1828 2001    30.03    48.38   -85.57   -69.71 1924 1929
2015 08 21     8815     5.53     0.05 1909 2042    27.98    38.39   -91.41   -83.27 2008 2010
2015 08 22    12076     2.14     0.03 0902 1035    27.90    40.88   -79.55   -69.58 933 937
2015 08 27    17431     6.64     0.04 0748 0921    27.91    44.85   -82.85   -69.49 820 824
2015 08 29     7038     4.51     0.04 1654 1827    27.96    37.05   -91.40   -84.20 1753 1755
2015 08 30    21010     4.04     0.06 1603 1735    27.96    47.11   -91.26   -75.62 1659 1704
2015 09 01    11334     4.00     0.04 1553 1726    27.91    40.32   -91.42   -81.89 1651 1654
2015 09 02    22866     6.06     0.05 1502 1634    27.90    47.96   -89.75   -73.29 1557 1603
2015 09 03      316     2.30     0.12 1543 1716    28.67    30.60   -89.65   -88.12 1644 1644
2015 09 05     5233     2.82     0.04 0445 0617    27.97    35.65   -75.89   -69.64 516 518
2015 09 06     3979     4.24     0.05 1442 1614    27.90    34.67   -91.30   -85.74 1541 1543
2015 09 07    16255     3.83     0.05 0435 0607    27.97    43.99   -82.09   -69.45 506 511
2015 09 07       39     1.18     0.13 0607 0740    46.57    47.12   -89.22   -88.53 644 645
2015 09 08    18669     4.37     0.05 1259 1431    30.16    48.42   -85.47   -69.76 1354 1359
2015 09 10    21995     2.36     0.04 1249 1421    27.92    47.46   -90.61   -74.68 1344 1350
2015 09 12    13144     2.94     0.08 1238 1411    27.89    41.68   -91.44   -80.82 1336 1340
2015 09 13     7755     6.30     0.26 0231 0404    27.97    37.60   -77.17   -69.59 303 305
2015 09 13    23119     4.03     0.03 1147 1319    27.90    48.38   -89.11   -72.18 1242 1248
2015 09 18    14131     3.94     0.15 0119 0251    28.00    42.43   -80.76   -69.48 150 154
2015 09 18    20819     5.00     0.12 1034 1207    27.89    47.07   -91.32   -75.78 1130 1136
2015 09 19    12833    11.16     0.14 0200 0332    34.98    48.38   -91.36   -78.54 233 237
2015 09 19    15926     4.29     0.09 0943 1115    32.43    48.42   -84.09   -69.72 1038 1043
2015 09 20    22411     4.63     0.10 0108 0241    27.98    47.64   -86.87   -70.68 140 145
2015 09 21    22895     3.77     0.05 0932 1105    27.91    48.00   -89.72   -73.22 1028 1033
2015 09 24    22362     3.49     0.03 0830 1002    28.47    48.43   -87.60   -70.93 925 931
2015 09 25    15596     1.76     0.05 2304 0036    27.97    43.49   -81.68   -69.48 2335 2339
2015 09 26    19577     2.06     0.05 0819 0952    27.89    46.41   -91.55   -76.67 915 920
2015 09 26      398     1.10     0.03 2212 2345    28.69    30.79   -72.98   -71.24 2243 2244
2015 09 27    17648     3.71     0.06 0727 0900    31.01    48.45   -84.99   -69.75 823 828
2015 09 28     9815     3.19     0.11 0808 0941    27.90    39.15   -91.38   -82.73 907 910
2015 09 29    22479     2.27     0.06 0717 0849    27.89    47.69   -90.22   -74.03 812 818
2015 09 29    16144     1.08     0.03 2242 0015    32.27    48.35   -91.30   -76.80 2315 2319
2015 09 30    12601     3.89     0.38 0625 0757    35.16    48.43   -82.31   -69.67 720 724
2015 09 30    20599     5.86     0.03 2150 2323    27.97    47.01   -85.06   -69.52 2222 2227
2015 10 01     6164     2.80     0.05 2059 2231    28.00    36.37   -76.34   -69.62 2130 2132
2015 10 02    22942     4.75     0.11 0614 0747    28.15    48.43   -88.32   -71.48 709 715
2015 10 02    21452     1.21     0.07 2140 2312    28.75    48.37   -90.64   -74.08 2211 2217
2015 10 03    16629     4.26     0.06 2048 2220    28.00    44.27   -82.32   -69.44 2119 2124
2015 10 04    18648    11.18     0.12 0603 0736    27.91    45.73   -91.53   -77.33 659 704
2015 10 04     1028     1.95     0.07 1956 2128    28.44    31.89   -73.61   -70.72 2027 2028
2015 10 06    12100     2.97     0.10 1945 2117    28.00    40.87   -79.55   -69.55 2016 2020
2015 10 12     1383     3.91     0.45 1738 1911    28.33    32.36   -73.88   -70.47 1809 1810
2015 10 13    19367     2.27     0.04 0253 0426    29.59    48.45   -85.83   -69.78 349 354
2015 10 15    14493     1.74     0.03 1808 1941    33.60    48.45   -91.32   -77.63 1841 1845
2015 10 21     6417     1.04     0.04 2349 0121    40.11    48.38   -78.61   -69.51 44 46
2015 10 23      252     1.08     0.03 1423 1556    28.74    30.43   -72.77   -71.44 1454 1455
2015 10 26    16188     1.44     0.07 1454 1627    32.23    48.45   -91.27   -76.74 1527 1531
2015 10 27    20669     1.05     0.08 1403 1535    27.92    47.06   -85.09   -69.58 1434 1439
2015 10 27    14290     1.64     0.14 2318 0051    27.97    42.52   -91.50   -80.13 15 19
2015 10 28     5660     1.48     0.23 1444 1616    40.72    48.42   -91.44   -82.91 1519 1521
2015 10 28    23005     3.22     0.07 2227 2359    28.18    48.36   -88.46   -71.60 2322 2328
2015 10 31     9679     1.17     0.16 1342 1514    37.53    48.43   -91.37   -80.37 1416 1419
2015 10 31    19605     1.74     0.09 2124 2257    29.39    48.37   -85.94   -69.73 2220 2225
2015 11 01    23107     2.21     0.04 1250 1423    27.90    48.31   -88.69   -71.84 1321 1327
2015 11 01     4436     1.77     0.06 2033 2205    41.67    48.38   -77.28   -69.47 2128 2130
2015 11 01     7964     2.69     0.16 2205 2338    27.99    37.74   -91.40   -83.73 2304 2307
2015 11 02    12905     1.28     0.08 1159 1331    27.89    41.48   -80.04   -69.58 1230 1234
2015 11 02    21636     2.01     0.05 2114 2246    27.99    47.32   -90.91   -75.06 2210 2215
2015 11 06    19320     1.91     0.18 1137 1310    29.61    48.43   -91.23   -75.20 1209 1214
2015 11 08     3022     4.76     0.03 0954 1126    27.94    33.93   -74.80   -69.76 1025 1027
2015 11 09    23001     1.73     0.07 1035 1207    28.11    48.43   -89.42   -72.56 1106 1112
2015 11 10    14235     3.53     0.29 0943 1116    27.90    42.47   -80.83   -69.56 1014 1018
2015 11 12    22386     2.70     0.04 0932 1105    27.92    47.65   -86.83   -70.71 1003 1009
2015 11 12     1879     1.36     0.13 1715 1847    43.73    48.09   -75.38   -69.95 1810 1811
2015 11 18    20161     3.44     0.08 1641 1814    28.00    46.82   -91.60   -76.28 1737 1743
2015 11 22    11268     1.73     0.06 1446 1618    36.23    48.36   -81.55   -69.60 1541 1545
2015 11 27       77     1.72     0.04 0415 0547    28.88    29.78   -72.41   -71.71 446 446
2015 11 27    12277     1.52     0.17 0547 0720    35.42    48.42   -91.32   -78.88 621 625
2015 11 27    16428     1.21     0.08 1330 1503    32.02    48.37   -84.36   -69.69 1425 1430
2015 11 28    11176     1.38     0.13 1410 1543    27.92    40.18   -91.39   -81.98 1508 1512
2015 11 30    18097     1.55     0.05 0443 0616    30.64    48.37   -91.27   -75.80 515 520
2015 12 01    16320     2.53     0.06 1306 1439    27.91    44.03   -91.48   -78.87 1403 1407
2015 12 02    21557     2.21     0.11 1214 1346    28.72    48.45   -87.00   -70.46 1309 1315
2015 12 04    20168     1.63     0.04 1204 1336    27.89    46.82   -91.54   -76.26 1300 1305
2015 12 05      173     4.93     0.65 0157 0330    28.80    30.18   -72.64   -71.51 228 229
2015 12 07    22556     1.51     0.04 1102 1235    27.90    47.78   -90.18   -73.91 1158 1204
2015 12 11     8437     1.22     0.05 0910 1042    38.51    48.42   -79.86   -69.60 1005 1008
2015 12 14     4642     1.07     0.08 0808 0940    41.51    48.43   -77.42   -69.53 903 905
2015 12 14     7693     2.07     0.24 0940 1113    27.89    37.55   -91.36   -83.86 1039 1042
2015 12 14    13196     1.92     0.07 2334 0106    27.97    41.72   -80.20   -69.50 5 9
2015 12 17    12260     4.30     0.16 0839 1011    27.92    41.02   -91.42   -81.36 936 940
2015 12 17     8710     4.59     0.07 2232 0004    27.98    38.34   -77.67   -69.56 2303 2306
2015 12 18    23040     3.20     0.07 0747 0919    27.91    48.18   -89.39   -72.69 842 848
2015 12 21    22845     1.30     0.08 2210 2343    28.26    48.35   -89.67   -72.86 2242 2247
2015 12 22     5810    13.89     0.23 0726 0858    27.91    36.09   -91.32   -84.84 825 827
2015 12 22    14738     4.01     0.15 2119 2251    27.99    42.87   -81.13   -69.47 2150 2154
2015 12 23    20337     3.78     0.04 0634 0806    27.92    46.96   -91.55   -76.15 730 735
2015 12 23    12256     6.54     0.34 2159 2332    35.43    48.36   -91.39   -78.88 2233 2237
2015 12 24    16526     4.24     0.05 0542 0715    31.94    48.44   -84.42   -69.74 638 642
2015 12 24    22595     8.94     0.08 2108 2240    27.97    47.70   -87.16   -70.90 2139 2145
2015 12 25    10855     8.33     0.09 0623 0756    27.90    39.96   -91.40   -82.15 721 724
2015 12 26    17366     3.23     0.14 2057 2229    31.25    48.38   -91.30   -76.15 2129 2134
2015 12 27    11491     1.23     0.19 0439 0612    36.07    48.42   -81.68   -69.67 535 538
2015 12 28    15466     2.08     0.04 0520 0653    27.91    43.39   -91.46   -79.42 617 621
2015 12 28     6836     3.25     0.38 2046 2218    39.79    48.35   -91.48   -82.15 2120 2123
2015 12 29    22412     1.40     0.14 0428 0601    28.46    48.43   -87.65   -70.98 524 529
2015 12 30    15539     4.19     0.11 1902 2034    27.98    43.47   -81.63   -69.46 1933 1937
